18610406848
15521009327
15056066870
13951828831
13968993542
13246728371
13246728371
18328331037
18610406848
13418116767
18616805613
18616805613
18616805613
15875203263
18214569807
18927744338
186417587
18641758702
15102699982
15102699982
15102699982
18214327223
18205927963
13813579503
18051295603
18051295603
15280605186
15249907594
13628373989
13552512381
15010108618
15603926440
15850000343
15850000343
18601942999
13426214110
18090429534
18213878213
18213878213
18662396026
13426229648
13488838030
18652099655
13810990442

18601271706
18601271706
13718242974
18650452225
13810398448
15201682490
13570267536

15201682490
13660652892
13657097653
18616805613
18368495370
18550111497
13784823377
15832629543
13361873569
18955527878
18955527878
18610241620
13609889290
18245913328
13936956765
13358630284
13756262836
13810237587
13261617742
18601190013
13811019759
13585588864
13585588864
13913019370
13913019370
13913880964
13913880964
13770933716
18351122714
15102116140
13834690850
13478709389
13922468345
18312440668
18312440668
13599500884
15606008371
18715030325
13714686062
13141417161
13141417161
18326118703
13727400177
15372866601
13910001765
13910001765
13246521674
13246521674
13807568931
13807568931
15881028871
13394496622
18981844612
13757320225
18338898616
13863239869
18678991151
15820736242
13706042352
18721380345
18721380345
15626480706
13794627162
15625124283
18255163316
18263679092
15859777580
15905528585
15102699982
18010756666
12048947537
18657663352
18945646345
18911370809
13552464683
15884420360
13473859926
13249251184
13249251184
18617309660
13473859926
13366053729
0918139187
13167190182
0934166126
 886910813420
15116479893
13366053729
0910813420
15965564488
18363974218
18621512710
18718794595
15098668227

13602434670
0977403784
0977403784
13918137766
0954087965
13367408373
13823640649
13572872997
 886937234040
0937234040
15093381148
15383411993
18910574746
0916377750
0000000000
0000000000
18608049715
0937993739
0916043627
0939099515
0953723253
0937993737
0937993737
0933263733
0937134918
15626480706
18608049715
13751987377
13712932638
0916043627
0939099515
0953723253
0933263733
18659208821
18659208821
18701402213
15889090069
13450802138
15209206463
13763897113
13949011469
13949011469
0988851215
0988851215
15038938136
15038938136
13977195652
15399951355
13977195652



0938800139
18316691016
18625575054
15617578686
13776606617
15973223825
61404507404
13524437413

0927586760
0927586760
0927586760
0927586760
0927586760
13560485241
15601191569
18310120309
18310120309
13631296610136136
1363129661013613613631296610
10

13631296610
15811320177
15901789262
15052367799
15052836646
0963332997
13611047213
13611047213
0973122177
0927586760
13820967836
18600498380
18677152624
13485248057
13485248057
18677152624
18201677441
15901367713
13823090806
18855315628
13426128846
15759357344
15830530363
15830530363
0916377750
０９１６３７７７５０
８８６９１６３７７７５０
886916377750
15996315562
15996315562
15996315562
15626480706
18631769078
18818263239
18818263239
18698606613
13806507283
13295012912
13295012912
15383411993
18637517062
18662221986
18782248185
18782248185
18018983048
13913299375
13758270200
13752728393
13752728393

15687252340
13055509128
13055509128
13408588081
13860968313
15301666116
18622818116
18622818106
15559525580
13823640649
18945646345
15940499715
13359997440
15940499715
3834026820
13834026820
13426350615
15005166283
15854596180
15280605186
13859292236
13859292289
18655959435
18655959435
13027976730


18618402560
13840581650
15927663507
15927663507
15927663507
13249251184

15927663507
13856192921
15011518917
13942888115


18734870432
15927663507
18618287924
18611721692
18611721692
18367502525
18618287924
18622818106


18610406848





13569824429
13569824429
18608512062


13785148048

13970371312
13474567119
13535249095
13313381369
15000777073
15011515974
18788881514
18788881514
13938213808
18332530235
18284547360
18284547360
18627775667
18627775667
13902488649
13365375205

13902488649
15123157016
15123157016
15123157016
13826405419
13826405419
13230181876

18845811126
13141444441
13141444441
15147989972
15147989972


18520771515
15098291661
15898291661
15098291661
18363775190
15029220287
18214327223
15808737223
13437287431
13437287431
13922312622
13437287431
13971594620
15072938385
15072938385



13579209034
13520016350
13520016350
13520016350


13790428989


18970929267
15914000622
18695837080
15994787061
15914000622
13308073421

15590281513
15590281513
13527030941
13570425188
13570425188
15989105133
15691969961
13229650757
18565113990


13946108394
13946108394
15041147845
15133699033
18642084386

13563177820
13563177820



15116901177
13761594256

18918529828
15123064923
15123064923
18001034359
18913914717

15500093747

15688756926
13757176852
15968368000
15960368000
15960368000
15960368000
13555989161
15997488254

15997488254
18618373770
18618373770
13945188614

13439752553
13439752553
13887078137
13887078137
18810031967
15910581987



18838238809
18610406848
18610406848
18610406848
18610406848
18610406848
18610406848
18610406848
18610406848
18610406848
18610406848
18610406848
18610406848
18610406848

13917329886
13305932963
13916475276
13916475276
18610406848
13771099817
15201066012
18610075662

13828670022
13972641400
18610406848
15110220226
18632386601

15948090986
18643197929
18686619087
 886916377750
0916377750
886916377750
13798666651
15804449498
13603760236
15010666238
13394113357



13412152093
13916039121
13029918501
13029918501
13029918501
15197001100
18761305800
123123132
18928391001
123123132
13528130663
15734325086
13918570559
18616782080
18676736584
13736295429
15940321839
15940321839
13634355899
18610406848
18627775667
18627775667
18938626822
18672427491
18043820860
18032995259
18032995259
18319388194
18610406848
13245678901
11
13245678901
11
11
11


